195 216 100110001010
163 204 100110001011
204 220 100110001000
220 188 100110001001
155 210 100110001110
225 172 100110001111
37 131 100110001100
220 84 100110001101
116 148 100110000010
107 204 100110000011
42 140 100110000000
179 42 100110000001
216 42 100110000110
100 210 100110000111
179 204 100110000100
124 204 100110000101
46 124 100110011010
210 179 100110011011
163 124 100110011000
179 131 100110011001
195 131 100110011110
42 107 100110011111
195 92 100110011100
163 100 100110011101
37 163 100110010010
92 216 100110010011
148 100 100110010000
195 140 100110010001
52 116 100110010110
42 163 100110010111
84 163 100110010100
163 116 100110010101
33 84 100111101010
188 155 100111101011
131 67 100111101000
163 84 100111101001
52 140 100111101110
52 163 100111101111
163 92 100111101100
131 76 100111101101
116 179 100111100010
59 116 100111100011
155 100 100111100000
220 195 100111100001
59 140 100111100110
179 230 100111100111
52 33 100111100100
172 204 100111100101
140 67 100111111010
163 59 100111111011
148 76 100111111000
131 195 100111111001
210 100 100111111110
84 155 100111111111
76 148 100111111100
140 46 100111111101
210 163 100111110010
163 210 100111110011
33 46 100111110000
124 33 100111110001
210 76 101110100010
216 179 101110100011
179 210 00011001010
195 116 00011001011
216 172 00011001000
140 188 00011001001
220 220 00011001110
188 216 00011001111
210 220 00011001100
155 84 00011001101
148 84 00011000010
188 124 00011000011
179 107 00011000000
172 107 00011000001
67 148 00011000110
204 163 00011000111
37 84 00011000100
131 46 00011000101
84 148 00011011010
204 155 00011011011
195 155 00011011000
155 188 00011011001
210 172 00011011110
179 116 00011011111
37 100 00011011100
172 42 00011011101
52 107 00011010010
107 42 00011010011
172 124 00011010000
216 116 00011010001
116 188 00011010110
179 148 00011010111
42 84 00011010100
33 148 00011010101
204 140 00100001010
37 116 00100001011
52 131 00100001000
37 67 00100001001
131 59 00100001110
76 131 00100001111
37 148 00100001100
140 37 00100001101
124 52 00100000010
116 195 00100000011
163 107 00100000000
140 59 00100000001
116 42 111011100010
140 52 111011100011
220 204 10011011010
220 225 10011011011
172 116 10011011000
124 172 10011011001
107 46 10011011110
84 42 10011011111
37 59 10011011100
131 172 10011011101
116 172 10011010010
172 210 10011010011
204 172 10011010000
46 107 10011010001
148 107 10011010110
188 163 10011010111
188 42 10011010100
155 116 10011010101
210 188 10010101010
131 179 10010101011
100 155 10010101000
195 172 10010101001
155 92 10010101110
37 107 10010101111
179 155 10010101100
100 37 10010101101
148 92 10010100010
124 42 10010100011
46 84 10010100000
33 52 10010100001
155 52 10010100110
163 76 10010100111
92 155 10010100100
163 131 10010100101
116 67 10010111010
46 100 10010111011
124 46 10010111000
100 52 10010111001
140 179 10010111110
140 42 10010111111
107 84 10010111100
59 148 10010111101
33 33 10111010000
148 172 11010100000
216 188 11010100001
124 67 11010100110
172 100 11010100111
148 179 11010100100
179 124 11010100101
216 225 11010111010
195 210 11010111011
107 67 11010111000
59 37 11010111001
124 100 11010111110
140 172 11010111111
148 188 11010111100
172 140 11010111101
52 124 11010110010
67 124 11010110011
84 131 11010110000
76 37 11010110001
76 116 11010110110
67 37 11010110111
59 124 11010110100
131 84 11010110101
124 84 11011001010
172 92 11011001011
52 100 11011001000
52 92 11011001001
131 163 11000000110
116 52 11000000111
37 92 11101110000
155 195 0001111010
124 76 0001111011
155 204 0001111000
220 216 0001111001
140 100 0001111110
100 42 0001111111
107 148 0001111100
92 37 0001111101
116 163 0001110010
46 92 0001110011
216 204 0001110000
92 42 0001110001
42 100 0001110110
46 116 0001110111
67 140 0001110100
155 179 0001110101
59 107 0001001010
92 140 0001001011
124 163 0001001000
33 37 0001001001
140 92 0001001110
52 37 0001001111
46 131 0001001100
92 67 0001001101
100 59 0001000010
107 59 0001000011
92 52 0001000000
37 76 0001000001
37 52 11111110110
84 140 11111110111
131 100 0010001110
116 59 0010001111
116 92 0101100000
131 92 0101100001
107 155 0101100110
148 59 0101100111
37 42 0101100100
204 179 0101100101
42 92 0100111010
92 148 0100111011
59 131 0100111000
67 116 0100111001
204 216 1001111101
124 59 1001110010
92 131 1001110011
124 92 1001110000
195 179 1001110001
76 107 1001110110
155 124 1001110111
188 204 1001110100
76 124 1001110101
204 188 1010001010
100 148 1010001011
100 46 1010001000
84 52 1010001001
116 140 1011101001
67 42 1011101110
37 37 1011101111
116 76 1011101100
42 37 1011101101
148 116 1011100010
37 46 1011100011
84 107 1011100000
46 37 1011100001
172 195 1011100110
179 163 1011100111
163 195 1011100100
52 84 1011100101
42 76 1010101010
92 59 1010101011
84 124 1100000010
131 107 1101010001
179 195 1101010110
124 148 1101010111
76 42 1101010100
59 100 1101010101
59 84 1101001010
116 155 1101001011
188 172 1101001000
67 100 1101001001
124 155 1101001110
42 67 1101001111
37 33 1101001100
84 46 1101001101
84 37 1100100110
116 46 1100100111
140 107 1110111001
116 100 1110111110
163 188 1110111111
100 140 1110111100
216 216 1110111101
116 84 1110100010
46 76 1110100011
84 116 1111111010
76 100 001000001
107 140 001000110
216 220 001101000
124 107 001101001
59 42 001101110
84 67 001101111
107 76 001101100
42 59 001101101
67 84 001010110
67 92 001010111
92 116 010110001
100 67 010110110
67 46 010110111
155 172 011110010
59 76 011110011
59 92 011110000
67 107 011110001
42 42 100101100
148 131 100101101
84 59 101000110
131 116 101000111
163 179 101010000
76 52 101010001
131 155 101010100
216 210 101110101
172 155 101100010
76 92 101100011
100 76 110000000
76 46 110010000
92 107 110010001
155 140 110000110
172 148 110000111
76 59 110010010
172 188 110110011
195 188 110110000
76 84 110110001
100 124 110010110
52 76 110010111
140 124 111000100
84 100 111000101
67 76 110111010
107 92 110111011
140 163 111010000
107 131 111011101
116 131 111110010
188 179 111110011
52 42 111110000
163 148 111110001
100 84 111111100
100 116 00000100
124 140 00000101
163 140 111111110
46 67 111111111
140 155 00010001
155 131 00001010
100 131 00001011
92 124 00100010
52 67 00101010
204 195 00110101
84 84 00110010
76 67 00110011
67 67 01000000
42 52 01000001
148 124 01001111
107 124 01001100
46 42 01001101
140 116 01011010
179 172 01011110
76 76 01011111
210 216 01111110
59 46 01111111
210 204 01111100
59 67 01111101
131 148 10101001
92 76 10101011
67 52 10110000
179 188 11000001
46 59 11000010
172 163 11001010
116 107 11011010
124 116 11011011
42 46 11011100
67 59 11100011
84 76 11101001
188 188 0000011
204 210 0000100
92 84 0010100
163 172 0011000
100 92 0100001
84 92 0100010
195 204 0100011
107 100 0100100
59 59 0100101
188 195 0101110
52 59 0111101
140 131 1001000
92 92 1001001
59 52 1010000
92 100 1010110
148 163 1010111
116 124 1011001
163 155 1011010
100 107 1011011
52 46 1011110
155 148 1011111
131 124 1100010
155 163 1100011
131 140 1101000
148 155 1101111
210 210 1110000
195 195 1110101
172 179 1110110
107 116 1111101
179 179 1111110
46 52 000000
140 148 000011
46 46 000101
148 140 001001
107 107 001011
116 116 001110
124 131 001111
172 172 011010
204 204 011011
163 163 110011
52 52 111001
124 124 01010
100 100 01100
140 140 01110
148 148 10000
131 131 10001
155 155 11110
101001