154 1111101
144 1111011
152 1111000
153 1110111
124 1110100
128 1110010
129 1110000
155 1110001
130 1101110
49 1101100
145 1101101
141 1101010
151 1101011
147 1101000
127 1100110
126 1100111
140 1100100
157 1100010
148 1100000
139 1011111
100 1011100
99 1011011
142 1011000
159 1011001
48 1010110
138 1010111
156 1010100
47 1010101
150 1010010
101 1001110
125 1001111
131 1001100
149 1001101
46 1001010
146 1001011
44 1001001
98 1000111
133 1000011
158 0111110
161 0111111
103 1000000
136 1000001
51 0111101
132 0111010
134 0111011
143 0111001
52 0110100
123 0110101
96 0110010
50 0110011
160 0110000
117 0101111
120 0101000
137 0101001
45 0101010
97 0101011
121 0100110
135 0100101
54 0011110
104 0011111
102 0011100
53 0011101
165 0011010
56 0011000
115 0011001
162 0010100
93 0010011
122 0010000
172 0010001
95 0001111
119 0001100
105 0001010
43 0001000
163 0000110
118 0000100
108 0000101
94 0000010
106 0000011
174 0000001
55 11111100
107 11111101
41 11111111
112 11110100
164 11110101
59 11110010
58 11110011
116 11101100
173 11101010
175 11101011
169 11100110
92 11011110
110 11011111
114 11010010
109 11010011
170 11001010
89 11001011
113 11000110
168 11000010
90 11000011
91 10111100
166 10111101
207 10111010
111 10111011
57 10110100
88 10110101
76 10100110
206 10100111
167 10100000
176 10100001
82 10100010
87 10100011
42 10010000
192 10010001
171 10001000
202 10001001
85 10001010
86 10001011
61 10001100
67 10001101
208 10000100
179 01111000
205 01111001
73 01101110
84 01101111
40 01110000
60 01110001
62 01100011
39 01011100
181 01011101
209 01001110
210 01001111
80 01011000
191 01011001
70 01011010
74 01011011
203 01000100
211 01000101
177 01000110
199 01000111
38 01001000
65 01001001
198 01000000
201 01000001
71 01000011
66 00110110
75 00110111
193 00101010
212 00101011
79 00101100
83 00101101
68 00101110
72 00101111
178 00100100
194 00100101
188 00011010
195 00011011
69 00011100
81 00011101
197 00010110
213 00010111
182 00010010
183 00010011
200 00001110
78 00001111
190 00000000
196 00000001
185 111111100
63 111111101
180 111110010
184 111110011
204 111110000
77 111110001
64 111011010
187 111011011
37 111001110
189 110001110
186 110001111
214 100001010
35 100001011
215 011000100
216 011000101
217 010000100
36 010000101
218 1110011110
34 1110011111
0110110